	diff_exp.Symbol	diff_exp.logFC	diff_exp.adj.P.Val
1	SDF2L1	1.05162275853781	0.000629231283966666
2	DDIAS	1.06757166748507	0.000659749849396465
3	NEMP1	0.716340438454549	0.000920341678789654
4	EDN1	-0.832358718497011	0.00129815294944081
5	MANF	0.888202612084386	0.00129815294944081
6	MCM10	1.47152994786683	0.00204005813710821
7	CRELD2	0.871392595898147	0.00228465046045758
8	SPC24	0.70277425731636	0.00261701125872517
9	ANGPTL1	-1.19036433901206	0.00277127907190825
10	SGK1	-0.854206538527097	0.00343171051618361
11	FANCD2	1.2656862299596	0.00343171051618361
12	ZWILCH	0.907885811054141	0.00343171051618361
13	SSUH2	-0.537313685365529	0.00344434455451471
14	NA	0.909410905966787	0.00364205445839231
15	POLQ	0.911305208656631	0.00364205445839231
16	COBLL1	-0.650250804863155	0.00364205445839231
17	KCNE3	0.627560798745848	0.00364205445839231
18	NA	0.755220637755209	0.00364205445839231
19	SULT2A1	-0.877592188885409	0.00389605555914828
20	BRCA1	1.44823061351719	0.00389605555914828
21	RMI2	1.31831061327756	0.00389605555914828
22	CEBPD	-0.533803399866683	0.00389605555914828
23	CENPH	0.956293537698496	0.00389605555914828
24	ARRB1	-0.752341260702948	0.00444412817131404
25	DUSP3	-0.421316047571109	0.00444412817131404
26	C18orf54	0.983650740505028	0.00444412817131404
27	DSCC1	0.893471259103956	0.00482074528873711
28	ANGPTL1	-1.12026312063943	0.00482074528873711
29	FZD5	-0.554388220027356	0.00500422552431489
30	MDK	0.550705373183373	0.00500422552431489
31	DNAJC3	0.532681701482547	0.005535222132319
32	FIGNL1	0.936049451629166	0.005535222132319
33	DTL	1.84249795648509	0.00557473905733588
34	CHGB	0.899797909975229	0.00557560883617783
35	EME1	0.447748104360008	0.00587516023264002
36	DOT1L	-0.561220566510288	0.00587516023264002
37	MAGI2	-0.557123087786832	0.00659527357723127
38	SP2-AS1	0.772756780289716	0.00718262295554104
39	CHAF1A	0.946650273511159	0.00718262295554104
40	SLC38A11	-0.875863599923072	0.00748590732948847
41	CENPN	0.746830196555338	0.00748590732948847
42	NA	-0.957746112433521	0.00748590732948847
43	NOA1	-0.42899364554833	0.00793338775339379
44	KLF4	-1.30599826972126	0.00793338775339379
45	CHML	0.526648125450909	0.00793338775339379
46	EDN1	-0.941134047151956	0.00793338775339379
47	NA	-1.03685905719909	0.00793338775339379
48	C1orf53	0.564938706800146	0.00847283147411571
49	HSPA5	0.718051270225501	0.00847283147411571
50	OPTN	-0.531696313746621	0.00847283147411571
51	CYP3A7-CYP3A51P	-0.5844683191489	0.00847283147411571
52	CCDC15	0.582801604191952	0.00847283147411571
53	SLC25A21-AS1	0.719119346356811	0.00847283147411571
54	HMGN2	0.607005182968613	0.00847283147411571
55	BLM	0.905557456797265	0.00998046554155359
56	BAAT	-0.569192079102341	0.00998046554155359
57	NA	-0.684446486791741	0.0100477748421783
58	LAMP3	1.15523199150679	0.0101833720825205
59	ARRB1	-0.613872807532153	0.0103213637002786
60	TRMT5	0.638352826156294	0.0103213637002786
61	KLB	-0.86603507638618	0.0103213637002786
62	PCGF3	-0.419733760031836	0.0103213637002786
63	NA	-0.716989898328486	0.0103213637002786
64	UNC5B	1.05671712676608	0.0103213637002786
65	KALRN	-0.706684481515672	0.0103213637002786
66	CHEK1	0.600454682613035	0.0103213637002786
67	WSB2	-0.541933358164309	0.0103213637002786
68	STIMATE	0.410913723729455	0.0103213637002786
69	SPTLC3	-0.562832870464227	0.0103213637002786
70	PIGK	0.482043584292119	0.0103213637002786
71	BTG3	-0.632997284136043	0.0104954711931649
72	CALR	0.564131114254699	0.0111597639594194
73	POP5	0.514930444477731	0.0111597639594194
74	DYNC2H1	0.649527593439632	0.0114416252696277
75	CDC6	1.28428695035412	0.0120254159679938
76	RAD51AP1	1.53540321572788	0.0120254159679938
77	NA	0.79228728361694	0.0122291404928142
78	BRIP1	1.51609493810622	0.012526336348657
79	SIAE	0.562400825195444	0.013123516782917
80	NA	-0.650731884130171	0.0137984320097313
81	NA	0.541108222630448	0.0141536994261712
82	CHD2	-0.432648614421407	0.014543290921853
83	ZNF704	-0.491342841219629	0.014543290921853
84	PLK4	1.16722443617072	0.014543290921853
85	C11orf1	0.447054433252567	0.0150122439264548
86	NA	0.612358064868862	0.0150122439264548
87	SHCBP1	1.11628158812787	0.0150122439264548
88	NA	0.665562755904679	0.0155112583401037
89	SLC6A6	-0.671808695396844	0.0155642155936389
90	CDK1	1.18996930273766	0.0155642155936389
91	SERPINC1	0.657509432316809	0.0155642155936389
92	NA	-0.466832326051728	0.0155642155936389
93	KLHL14	-0.585581816301414	0.0155642155936389
94	RPL22L1	0.505306435497952	0.0157896989973386
95	ZNF107	0.875276684626083	0.0157896989973386
96	RAD18	0.781545404480405	0.0159989219141061
97	TMTC2	-0.629634233823469	0.0159989219141061
98	LARP6	0.739744037526105	0.0162405949055166
99	SERPINC1	0.673535032670252	0.0164047300648951
100	RNASEH2B	0.612362207681978	0.0164047300648951
101	PTEN	-0.475755069557179	0.0164047300648951
102	NA	-0.906893249565034	0.0164047300648951
103	NA	-0.586680636119983	0.0164047300648951
104	NA	0.420851271286378	0.0166163445067667
105	FRY	-0.859054165033107	0.01665016030175
106	PLCXD1	-0.626510054696359	0.01665016030175
107	GIHCG	0.623854311672	0.01665016030175
108	LDLR	-0.565775760291605	0.01665016030175
109	PDXDC1	-0.539450899882853	0.01665016030175
110	FAXDC2	-0.45195420897446	0.01665016030175
111	YY1	-0.511780838204828	0.01665016030175
112	NT5E	-0.619982963922627	0.01665016030175
113	RFC3	0.914964043928883	0.01665016030175
114	DHFR	0.783830457811935	0.0169073278960469
115	RHOU	-0.428967620659651	0.0169073278960469
116	DUSP10	-0.548515607750533	0.0170175154103307
117	MYBL1	1.06692214225371	0.0171218868657543
118	PPARA	-0.428114835714176	0.0187459600146845
119	SLC6A14	-1.03463654666874	0.0187459600146845
120	LTBP3	-0.446068737953731	0.0187649844084089
121	TOP2A	0.830566048976835	0.0187649844084089
122	NA	0.529237344703393	0.0187649844084089
123	NA	0.510063648183273	0.0188017423595247
124	ANGPTL1	-0.998769941715837	0.01886568186933
125	ZNF706	0.536662064308133	0.0195841348158774
126	GRB7	-0.539273450690227	0.0202622865759807
127	CENPU	1.00128566345164	0.0203823919498013
128	ZNF326	0.498340475282461	0.0207367463779558
129	BCL6	-0.739746770990434	0.020806738228978
130	BEX2	1.07020566909031	0.0211288396923924
131	NEK2	0.764863280287167	0.0211288396923924
132	SULT2A1	-0.668560986537792	0.02142977134664
133	NA	-0.640743830276108	0.02142977134664
134	CENPU	1.33020027541078	0.0216307724531362
135	FNIP2	-0.510063577088054	0.0217550137154471
136	JUND	-0.600365742046852	0.0217550137154471
137	RHNO1	0.476191749611424	0.0222089549695957
138	FNIP2	-0.369529108863868	0.0222089549695957
139	FANCI	1.12691519415907	0.022287533985026
140	ZDHHC23	0.535152741779256	0.022287533985026
141	NA	0.579470914963854	0.022287533985026
142	PON3	0.520649917313927	0.022287533985026
143	ASPM	0.641926261008395	0.022615275731943
144	NA	-0.770783271896653	0.0227480720643016
145	TNFAIP3	-0.466855489277983	0.0227810668059027
146	CDC6	1.12010439811324	0.0227810668059027
147	DNAJC3-DT	0.820110238513982	0.0227810668059027
148	ITFG1	0.55248158998487	0.0227810668059027
149	NA	-0.572266614312817	0.0227810668059027
150	GINS1	1.16104427031871	0.0229419307168447
151	LPIN2	-0.604042468564774	0.0229419307168447
152	SGO2	0.622359692152163	0.0230368622670131
153	TMEM116	0.437687398127034	0.0230368622670131
154	NAGA	0.439282947480485	0.0230368622670131
155	CYP3A5	-0.740294902284189	0.0230368622670131
156	FKBP5	0.396933702306297	0.0230368622670131
157	ESPL1	0.547432300332625	0.0230368622670131
158	NA	0.435672894582529	0.0230368622670131
159	PPP1R16A	-0.543009902217836	0.0230368622670131
160	DHFR	0.931647421711969	0.0233230522284262
161	TRIM50	-0.680222971691398	0.0234252216989913
162	SULF2	0.544063766504962	0.0236338081149535
163	LPIN2	-0.398378163960526	0.0236983008294597
164	DNAJB11	0.504531988546729	0.0236983008294597
165	ZG16B	0.540603378355172	0.0236983008294597
166	RBBP8	0.448467906238998	0.0246473211625104
167	ITGB5	-0.355849081978042	0.0246473211625104
168	PRR11	0.568784244026912	0.0246473211625104
169	STAT6	-0.334803185321139	0.0249357449005263
170	NA	-1.06350365019319	0.0249357449005263
171	CKS1B	0.691171415403936	0.0252490037576086
172	IQGAP3	0.92483073473378	0.0252490037576086
173	FNIP2	-0.430369278920089	0.0253600238564908
174	IFT57	0.457448740295617	0.0256589921707294
175	OR7E47P	0.506987143354678	0.0256589921707294
176	YY1	-0.577915451208184	0.0256589921707294
177	ELP1	-0.566561893653885	0.0256589921707294
178	SCN2A	-0.672117194866957	0.0256589921707294
179	PDGFA	0.643487829769508	0.0256589921707294
180	RAD51C	0.645716821398572	0.0256589921707294
181	IFT22	0.519388262948007	0.0256589921707294
182	PAN3-AS1	0.425023472963944	0.0256589921707294
183	RAD51	0.816077399309052	0.0256589921707294
184	INSIG2	-0.613199641565792	0.0256589921707294
185	SHC2	-0.537084547688945	0.026037158797814
186	CTDSPL	-0.43077668885545	0.0263085891570357
187	FANCI	0.856097040490218	0.0263085891570357
188	CTBP2	-0.573150175826769	0.0264870584073844
189	NA	-0.657501644187786	0.0265368256074747
190	RPP14	-0.612526576182931	0.0265368256074747
191	MLH1	0.427053058210696	0.0265368256074747
192	CEP152	0.639869947033437	0.0265368256074747
193	NA	-0.551057494259135	0.0265368256074747
194	SMUG1	0.368800280076313	0.0265368256074747
195	NA	0.610570542808068	0.0266404019052908
196	ARRB1	-0.713800625953472	0.0268866494717794
197	CNNM2	-0.667543948377701	0.0271449862325617
198	SMC4	0.510783717492667	0.0274770835345597
199	ZNRF1	-0.409110483776057	0.0274770835345597
200	ASPM	0.781806086579073	0.0279769797588459
201	NA	0.867516490775565	0.0280752075726446
202	NA	0.635384555134533	0.0280752075726446
203	MCM10	1.5959726102079	0.0280752075726446
204	KDELR1	-0.462012721734028	0.0280752075726446
205	LINC00491	0.38996236693326	0.0289336602796999
206	TWSG1	0.370778612352292	0.0290576305664117
207	TOB1	-0.351003486555059	0.0291714162966019
208	CHKA	-0.516165886028446	0.0291714162966019
209	NA	-0.649175269151764	0.0298830894127767
210	NA	-0.859643562311957	0.0299089185418474
211	KLB	-0.620473559057979	0.0302013420574757
212	RBPMS	-0.514688656409201	0.0302013420574757
213	LPIN1	-0.417764071494454	0.0302013420574757
214	NA	0.68570131389553	0.0308781200010345
215	SLC7A6	-0.426812573589677	0.0308781200010345
216	NA	0.507613215312053	0.0308989876736828
217	NA	0.472790295667625	0.0309282623415455
218	FCGBP	-0.649986539594932	0.0313929533697091
219	NA	0.61124442952242	0.031486588701208
220	ART4	-0.653924699753784	0.0322856138975265
221	CLIP2	-0.755531589553663	0.0322856138975265
222	ANK2	-0.781862246557753	0.0322856138975265
223	EXOG	0.376059828869432	0.0324722283902789
224	TES	0.408127448912816	0.0325712665389384
225	MAFK	-0.457918711823601	0.0325712665389384
226	MARCKS	-0.38628679389473	0.0326870290426916
227	ALDH1B1	-0.518997531574064	0.0329643422620607
228	ZSWIM5	-0.429795093887942	0.0329643422620607
229	MICAL2	0.700786434586383	0.03303071141643
230	CDKN3	0.653389898787303	0.0330512025710016
231	MAN2C1	0.409129929008624	0.0330512025710016
232	CDKN3	0.658546347736388	0.0330512025710016
233	SLBP	0.372028748612261	0.0332893195300328
234	LINC00467	0.615900677080063	0.0334262770157275
235	HMGN1	0.354957134576985	0.0334838218795416
236	TGFBR3	-0.533345866391352	0.0334838218795416
237	GFI1	-0.510692790081886	0.0334838218795416
238	ABCC2	-0.640177353359977	0.033529636367136
239	SLC44A1	-0.706387182711686	0.033529636367136
240	FAM120AOS	0.403594299374452	0.033529636367136
241	CENPK	1.18318518971325	0.033529636367136
242	LINC-PINT	-0.430822969643096	0.033529636367136
243	PRR18	0.47656709195051	0.033529636367136
244	LAMA5	-0.471047152752382	0.033529636367136
245	PIGX	0.513049219368477	0.033629562417692
246	SLCO4A1	-0.715269911572179	0.0337396392774151
247	ART4	-0.690938394026438	0.0339986280621395
248	NA	-0.525278207484249	0.0340358062915196
249	CCDC18	0.701942519200141	0.0341271382623171
250	NA	0.444336152767982	0.0341271382623171
251	MAFF	-0.407151542616422	0.0342221635291851
252	RFLNB	0.35553406438393	0.0345115962714738
253	SLC35B1	0.447040064763649	0.0347206296278602
254	NA	0.589431914628453	0.0347206296278602
255	CDO1	0.474660859128372	0.0347206296278602
256	ARHGEF28	-0.410489760348996	0.0347530859119773
257	CALR	0.484261761346349	0.0348644463900837
258	ZNF738	0.868851546552336	0.0348644463900837
259	NDC80	0.880566566914963	0.0348644463900837
260	SNAPC5	0.378364397412153	0.0354291021732023
261	MTFR2	1.00869961219275	0.0354291021732023
262	GGCT	0.455278839344597	0.0354291021732023
263	ZBTB38	-0.456270369882098	0.035480450587936
264	C11orf74	0.506073014505778	0.0356102721405921
265	NA	-0.368197989703528	0.0357002215160361
266	SLC13A3	-0.550716550898585	0.0357002215160361
267	RECK	0.559980390180057	0.0357002215160361
268	ERLIN2	0.375540489407965	0.0357002215160361
269	HSPA12A	0.410993471652904	0.0357587256224368
270	NA	-0.592362629204298	0.0357587256224368
271	SPAG16	0.585235916831	0.0357587256224368
272	TMEM165	-0.827609826270655	0.0357587256224368
273	PALMD	-0.468700800860837	0.0357587256224368
274	CYP3A4	-0.489849302425129	0.0364631267178785
275	RHBDL2	-0.396734749724734	0.0364631267178785
276	DHFR	0.819537130725388	0.0364631267178785
277	PLIN2	-0.56440103122977	0.0364631267178785
278	CTDSPL	-0.472776237151174	0.0367961752771573
279	TNS3	-0.463604867110166	0.0370001188404463
280	SMLR1	-0.50086205957516	0.037266059460199
281	COQ8A	-0.444904924154583	0.037266059460199
282	SPIDR	-0.664388146184289	0.0373254868871638
283	PPARA	-0.522067111523873	0.0373254868871638
284	EID2B	0.529263572777602	0.0373343272546066
285	MND1	0.971071727756857	0.0373343272546066
286	TTK	0.907986449289012	0.0374712308101036
287	COBLL1	-0.433249306132905	0.0377259321125834
288	AJUBA	-0.856678029079327	0.0378384864008906
289	TMEM42	0.350828832943857	0.0378485640363617
290	CTDSPL	-0.422422291539006	0.0379918199709384
291	CENPW	0.732669170169016	0.0381223050728566
292	EME1	0.76891577913699	0.0381223050728566
293	KLF6	-0.409102215976679	0.0382430724173212
294	CHKB-DT	0.3232952874505	0.0382430724173212
295	KLF6	-0.487283376757811	0.0382430724173212
296	RBL1	0.682627081123636	0.0386998879373154
297	GDAP1	0.613925093386715	0.0386998879373154
298	PCYOX1L	0.718079804219403	0.0386998879373154
299	C2orf72	-0.567967747636992	0.0386998879373154
300	MMD	-0.533649990419649	0.0386998879373154
301	CNKSR3	-0.884929074968673	0.0386998879373154
302	GPER1	-0.418838872008464	0.0386998879373154
303	CHD2	-0.670294428438534	0.0386998879373154
304	PIK3AP1	-0.536764022194635	0.0386998879373154
305	UBE2T	0.913747835753694	0.0386998879373154
306	CEP55	0.73467128942659	0.0386998879373154
307	ERP44	0.38872800931302	0.0386998879373154
308	NA	-0.427409784090621	0.0386998879373154
309	CENPF	0.909042959872202	0.0391502685201828
310	NA	-0.934412448935061	0.0391973242748243
311	ENTPD5	-0.436509169667398	0.0399746161952304
312	C1GALT1	-0.375719168757958	0.0400766570385046
313	TMEM106C	0.344302299830199	0.0400766570385046
314	PPDPF	0.420061993187202	0.0400766570385046
315	NA	0.417168501792734	0.0400766570385046
316	TRIM4	-0.451920932941178	0.040189345848852
317	CDT1	0.754948317208942	0.040189345848852
318	PHLPP1	-0.489669048914608	0.0402189575491989
319	LSM5	0.400199512065169	0.0408786480644029
320	FGFBP3	0.535561087350075	0.0416326381925701
321	DIAPH3	0.71597242460771	0.0417012597496478
322	TKT	-0.474192086993125	0.0417012597496478
323	WDHD1	1.05326253374385	0.0417012597496478
324	KLHDC9	0.513482393605304	0.0417012597496478
325	NA	0.392031713765058	0.0419470016900734
326	BCL6	-0.484474139342369	0.0420938378400652
327	PDIA4	0.374220069866384	0.0426551933558689
328	KNOP1	0.411613762716753	0.0427926026168467
329	NA	-0.528742450155567	0.043197728227247
330	CENPN	0.674580747465927	0.043197728227247
331	AIMP2	0.365227655065791	0.0434953727610645
332	AKR1C2	-0.412306655446043	0.0435673844194939
333	IDNK	0.402568676683373	0.0444873074554248
334	VRK1	0.881930749827493	0.0444873074554248
335	CCDC144NL-AS1	0.817671624378996	0.0445414232632654
336	FAM229B	0.431161638659162	0.0445414232632654
337	GCSH	0.330896265941084	0.0445761700440823
338	DUSP1	-0.753628102326387	0.0446432502557373
339	PEBP1	-0.413584283978843	0.0456287282563236
340	NA	0.635829548847516	0.0458913395989529
341	SERPINA5	-0.350350135542872	0.0459757455356831
342	NA	0.331042118216035	0.0464996500385422
343	RAB30	-0.515413119911145	0.0468269692287911
344	CCDC167	0.4788569779544	0.0468269692287911
345	DUSP22	-0.388412526426067	0.0474761921947345
346	GINS3	0.693988585348784	0.0474761921947345
347	LINC01128	-0.837763501971044	0.0474761921947345
348	LINC00997	-0.52599799561503	0.0474761921947345
349	PLIN3	-0.374320923849879	0.0475768179649756
350	PHLDA1	-0.744320987480444	0.0486270145699867
351	ERN1	0.449941271499837	0.0489210566321521
352	ALDH18A1	-0.411144376979919	0.0490953551411274
353	GLUD1	-0.365114891148184	0.0491954082112313
354	AKIRIN2	-0.367776627058162	0.0492425385822919
355	SLC35A2	-0.288274710994402	0.0492665325370136
356	TRIP13	0.541725555767292	0.0492665325370136
357	ZNF704	-0.485008978396452	0.0492665325370136
358	NUCB2	0.627583186632344	0.0492665325370136
359	CCNA2	0.78101567084131	0.0492665325370136
360	PRSS21	0.459956584402793	0.0492665325370136
361	TMEM177	0.381422157970187	0.0492665325370136
362	MCM5	0.965174132322024	0.0492665325370136
363	ASPSCR1	-0.362582851873769	0.0492665325370136
364	TBX2	-0.323267899476941	0.0492665325370136
365	NDEL1	-0.309911606017865	0.049373482121371
366	RMI1	0.355440599783822	0.049373482121371
367	NA	0.432198042980175	0.049373482121371
368	COG7	-0.398786170413078	0.049373482121371
369	MAST4	-0.417859006400852	0.049373482121371
370	WDFY2	-0.348073270077447	0.049373482121371
371	NA	-0.544369909849353	0.049373482121371
372	TOP2A	0.771732727148186	0.0493891166697204
